sex|3|5|10|25|50|75|90|95|97
male|24|10.38209|10.64009|11.05266|11.78598|12.67076|13.63692|14.5834|15.18777|15.59648
male|24.5|10.44144|10.70051|11.1149|11.85182|12.74154|13.71386|14.66716|15.2763|15.68841
male|25.5|10.55847|10.81958|11.23747|11.98142|12.88102|13.8659|14.83332|15.45242|15.8717
male|26.5|10.6738|10.93681|11.35806|12.10889|13.01842|14.01623|14.99848|15.62819|16.05514
male|27.5|10.78798|11.0528|11.47728|12.23491|13.1545|14.16567|15.16351|15.8045|16.23967
male|28.5|10.90147|11.16803|11.59567|12.36007|13.2899|14.31493|15.32917|15.98214|16.42609
male|29.5|11.01466|11.28293|11.71368|12.4849|13.42519|14.46462|15.4961|16.16177|16.61508
male|30.5|11.12787|11.39782|11.8317|12.60983|13.56088|14.61527|15.66485|16.34395|16.8072
male|31.5|11.24135|11.513|11.95005|12.73523|13.69738|14.76732|15.83588|16.52915|17.00291
male|32.5|11.3553|11.62869|12.069|12.86144|13.83505|14.92117|16.00958|16.71773|17.2026
male|33.5|11.46988|11.74508|12.18875|12.9887|13.97418|15.07711|16.18624|16.91|17.40654
male|34.5|11.58521|11.8623|12.30948|13.11723|14.11503|15.23541|16.36612|17.10619|17.61495
male|35.5|11.70137|11.98046|12.43132|13.24721|14.2578|15.39628|16.5494|17.30646|17.82797
male|36.5|11.81842|12.09962|12.55436|13.37875|14.40263|15.55987|16.73623|17.51093|18.0457
male|37.5|11.93639|12.21984|12.67868|13.51197|14.54965|15.7263|16.9267|17.71965|18.26818
male|38.5|12.05529|12.34115|12.80431|13.64693|14.69893|15.89565|17.12085|17.93265|18.49539
male|39.5|12.17512|12.46354|12.93128|13.78366|14.85054|16.06797|17.3187|18.14992|18.72731
male|40.5|12.29587|12.58701|13.05959|13.92218|15.00449|16.24326|17.52025|18.37141|18.96385
male|41.5|12.41751|12.71154|13.18923|14.0625|15.16078|16.42153|17.72545|18.59705|19.20492
male|42.5|12.54001|12.8371|13.32017|14.20458|15.3194|16.60273|17.93424|18.82675|19.45041
male|43.5|12.66334|12.96366|13.45238|14.3484|15.4803|16.78682|18.14654|19.06041|19.70017
male|44.5|12.78746|13.09119|13.58581|14.49391|15.64343|16.97373|18.36226|19.29789|19.95407
male|45.5|12.91234|13.21963|13.72043|14.64105|15.80873|17.16336|18.58128|19.53907|20.21195
male|46.5|13.03792|13.34895|13.85618|14.78977|15.9761|17.35564|18.80348|19.78381|20.47366
male|47.5|13.16419|13.47911|13.99301|14.93998|16.14548|17.55044|19.02875|20.03197|20.73903
male|48.5|13.29111|13.61006|14.13086|15.09163|16.31677|17.74767|19.25695|20.28339|21.00793
male|49.5|13.41864|13.74176|14.26968|15.24463|16.48986|17.9472|19.48794|20.53795|21.28018
male|50.5|13.54675|13.87418|14.40943|15.39892|16.66468|18.14892|19.7216|20.79548|21.55565
male|51.5|13.67543|14.00727|14.55004|15.55441|16.8411|18.3527|19.95779|21.05586|21.83419
male|52.5|13.80466|14.14102|14.69148|15.71103|17.01904|18.55842|20.19637|21.31896|22.11568
male|53.5|13.93441|14.2754|14.8337|15.86872|17.19839|18.76598|20.43722|21.58464|22.39999
male|54.5|14.06467|14.41037|14.97666|16.0274|17.37906|18.97524|20.68022|21.8528|22.68702
male|55.5|14.19544|14.54593|15.12032|16.18701|17.56096|19.1861|20.92526|22.12331|22.97667
male|56.5|14.32672|14.68205|15.26465|16.34748|17.744|19.39846|21.17222|22.3961|23.26885
male|57.5|14.4585|14.81872|15.40962|16.50877|17.92809|19.6122|21.421|22.67106|23.56349
male|58.5|14.59079|14.95595|15.55521|16.67081|18.11316|19.82724|21.67152|22.94813|23.86054
male|59.5|14.72359|15.09371|15.70139|16.83356|18.29912|20.04348|21.92369|23.22723|24.15995
male|60.5|14.85692|15.23202|15.84814|16.99698|18.48592|20.26086|22.17744|23.50833|24.46169
male|61.5|14.99078|15.37087|15.99546|17.16103|18.6735|20.47929|22.4327|23.79136|24.76575
male|62.5|15.1252|15.51027|16.14334|17.32567|18.8618|20.69871|22.68943|24.07632|25.07212
male|63.5|15.26018|15.65023|16.29176|17.49088|19.05077|20.91907|22.94758|24.36317|25.38081
male|64.5|15.39575|15.79076|16.44074|17.65664|19.24037|21.14031|23.20712|24.65192|25.69185
male|65.5|15.53193|15.93186|16.59026|17.82293|19.43058|21.36242|23.46802|24.94257|26.00527
male|66.5|15.66872|16.07356|16.74033|17.98974|19.62136|21.58534|23.73029|25.23514|26.32111
male|67.5|15.80617|16.21586|16.89096|18.15706|19.8127|21.80908|23.99391|25.52965|26.63944
male|68.5|15.94427|16.35879|17.04215|18.32489|20.00459|22.0336|24.2589|25.82615|26.96033
male|69.5|16.08306|16.50235|17.19393|18.49324|20.19703|22.25893|24.52527|26.12468|27.28386
male|70.5|16.22255|16.64657|17.34629|18.66211|20.39002|22.48505|24.79305|26.4253|27.6101
male|71.5|16.36276|16.79146|17.49926|18.83151|20.58357|22.712|25.06229|26.72807|27.93916
male|72.5|16.5037|16.93704|17.65285|19.00147|20.7777|22.93978|25.33302|27.03308|28.27115
male|73.5|16.64539|17.08332|17.80708|19.17199|20.97243|23.16845|25.6053|27.34039|28.60616
male|74.5|16.78785|17.23031|17.96197|19.34311|21.16779|23.39803|25.87919|27.6501|28.94432
male|75.5|16.93107|17.37804|18.11754|19.51485|21.36383|23.62858|26.15477|27.9623|29.28574
male|76.5|17.07507|17.52651|18.2738|19.68724|21.56058|23.86016|26.4321|28.27709|29.63055
male|77.5|17.21986|17.67574|18.43077|19.86032|21.75811|24.09284|26.71128|28.59457|29.97888
male|78.5|17.36543|17.82572|18.58848|20.03413|21.95645|24.32667|26.99239|28.91486|30.33083
male|79.5|17.5118|17.97649|18.74695|20.20871|22.15567|24.56175|27.27553|29.23806|30.68656
male|80.5|17.65895|18.12803|18.9062|20.38409|22.35584|24.79815|27.56081|29.56428|31.04617
male|81.5|17.80689|18.28036|19.06624|20.56032|22.55702|25.03598|27.84832|29.89365|31.4098
male|82.5|17.9556|18.43348|19.2271|20.73745|22.7593|25.27531|28.13817|30.22628|31.77756
male|83.5|18.10509|18.5874|19.3888|20.91553|22.96273|25.51626|28.43049|30.56228|32.14959
male|84.5|18.25535|18.74211|19.55136|21.0946|23.16742|25.75894|28.72538|30.90178|32.52599
male|85.5|18.40637|18.89763|19.71479|21.27471|23.37343|26.00344|29.02298|31.24489|32.90689
male|86.5|18.55813|19.05395|19.87913|21.45592|23.58086|26.24988|29.3234|31.59174|33.29238
male|87.5|18.71062|19.21107|20.04438|21.63828|23.78979|26.49839|29.62676|31.94243|33.68257
male|88.5|18.86385|19.369|20.21057|21.82185|24.00031|26.74907|29.9332|32.29708|34.07755
male|89.5|19.01778|19.52773|20.37771|22.00666|24.21251|27.00204|30.24283|32.65581|34.47742
male|90.5|19.17243|19.68727|20.54584|22.19278|24.42648|27.25743|30.55579|33.01871|34.88226
male|91.5|19.32776|19.84762|20.71496|22.38027|24.64231|27.51535|30.8722|33.38591|35.29215
male|92.5|19.48379|20.00878|20.88511|22.56917|24.8601|27.77593|31.19218|33.75749|35.70715
male|93.5|19.6405|20.17076|21.05629|22.75955|25.07992|28.03928|31.51586|34.13355|36.12732
male|94.5|19.79788|20.33357|21.22855|22.95145|25.30189|28.30554|31.84335|34.5142|36.55271
male|95.5|19.95594|20.4972|21.4019|23.14493|25.52607|28.5748|32.17478|34.8995|36.98338
male|96.5|20.11467|20.66168|21.57637|23.34005|25.75257|28.84718|32.51025|35.28955|37.41935
male|97.5|20.27408|20.82702|21.75198|23.53686|25.98146|29.12281|32.84988|35.68443|37.86065
male|98.5|20.43418|20.99322|21.92878|23.73542|26.21284|29.40179|33.19377|36.08419|38.30731
male|99.5|20.59497|21.16032|22.10678|23.93579|26.44679|29.68422|33.54202|36.4889|38.75932
male|100.5|20.75647|21.32832|22.28602|24.13801|26.68339|29.97021|33.89472|36.89862|39.2167
male|101.5|20.91869|21.49726|22.46654|24.34216|26.92273|30.25986|34.25197|37.3134|39.67943
male|102.5|21.08166|21.66716|22.64838|24.54828|27.16489|30.55326|34.61384|37.73327|40.14749
male|103.5|21.2454|21.83805|22.83157|24.75645|27.40995|30.85051|34.98041|38.15826|40.62087
male|104.5|21.40994|22.00997|23.01617|24.9667|27.65797|31.15169|35.35176|38.58841|41.09952
male|105.5|21.57532|22.18296|23.20222|25.17912|27.90904|31.45689|35.72793|39.02372|41.5834
male|106.5|21.74156|22.35705|23.38976|25.39375|28.16324|31.76618|36.10899|39.46421|42.07247
male|107.5|21.90873|22.5323|23.57885|25.61067|28.42064|32.07964|36.49499|39.90987|42.56665
male|108.5|22.07685|22.70876|23.76955|25.82993|28.6813|32.39734|36.88596|40.36069|43.06589
male|109.5|22.24599|22.88648|23.96192|26.05161|28.9453|32.71933|37.28193|40.81665|43.5701
male|110.5|22.4162|23.06551|24.15601|26.27576|29.21271|33.04569|37.68294|41.27773|44.0792
male|111.5|22.58754|23.24593|24.35189|26.50246|29.48359|33.37646|38.08898|41.74388|44.5931
male|112.5|22.76008|23.42779|24.54962|26.73177|29.758|33.7117|38.50008|42.21507|45.11169
male|113.5|22.93388|23.61117|24.74929|26.96376|30.03602|34.05144|38.91622|42.69124|45.63487
male|114.5|23.10902|23.79613|24.95096|27.19851|30.3177|34.39573|39.33741|43.17232|46.16253
male|115.5|23.28558|23.98277|25.1547|27.43609|30.60311|34.7446|39.76363|43.65825|46.69454
male|116.5|23.46364|24.17115|25.3606|27.67657|30.8923|35.09808|40.19484|44.14895|47.23077
male|117.5|23.64329|24.36137|25.56874|27.92001|31.18533|35.4562|40.63103|44.64432|47.77109
male|118.5|23.8246|24.55351|25.77921|28.16651|31.48225|35.81896|41.07214|45.14428|48.31536
male|119.5|24.00769|24.74766|25.99208|28.41613|31.78312|36.1864|41.51813|45.64872|48.86343
male|120.5|24.19264|24.94392|26.20745|28.66894|32.08799|36.55851|41.96894|46.15753|49.41515
male|121.5|24.37956|25.14238|26.42541|28.92502|32.3969|36.93529|42.42452|46.6706|49.97037
male|122.5|24.56855|25.34314|26.64604|29.18446|32.70991|37.31675|42.88478|47.1878|50.52892
male|123.5|24.75971|25.54631|26.86945|29.44731|33.02704|37.70287|43.34967|47.70901|51.09064
male|124.5|24.95315|25.75198|27.09573|29.71365|33.34835|38.09365|43.81908|48.23408|51.65537
male|125.5|25.14898|25.96027|27.32496|29.98357|33.67387|38.48906|44.29292|48.76288|52.22293
male|126.5|25.34731|26.17126|27.55726|30.25713|34.00363|38.88907|44.77111|49.29526|52.79314
male|127.5|25.54826|26.38509|27.7927|30.53439|34.33766|39.29366|45.25354|49.83107|53.36584
male|128.5|25.75195|26.60184|28.0314|30.81543|34.67599|39.7028|45.7401|50.37016|53.94084
male|129.5|25.95847|26.82163|28.27343|31.10032|35.01864|40.11642|46.23066|50.91236|54.51797
male|130.5|26.16796|27.04457|28.51891|31.38912|35.36562|40.5345|46.72512|51.45752|55.09704
male|131.5|26.38051|27.27076|28.76791|31.68189|35.71695|40.95697|47.22334|52.00546|55.67787
male|132.5|26.59626|27.50031|29.02052|31.97868|36.07263|41.38377|47.72519|52.55602|56.26029
male|133.5|26.81531|27.73332|29.27685|32.27955|36.43266|41.81484|48.23054|53.10903|56.84411
male|134.5|27.03777|27.96989|29.53696|32.58454|36.79704|42.2501|48.73924|53.66432|57.42915
male|135.5|27.26376|28.21013|29.80095|32.89371|37.16577|42.68947|49.25114|54.22171|58.01524
male|136.5|27.49337|28.45412|30.06888|33.20709|37.53881|43.13287|49.76611|54.78102|58.60219
male|137.5|27.72672|28.70197|30.34084|33.52472|37.91616|43.5802|50.28397|55.34208|59.18983
male|138.5|27.9639|28.95376|30.61689|33.84662|38.29777|44.03137|50.80458|55.9047|59.77799
male|139.5|28.20501|29.20958|30.8971|34.17281|38.68361|44.48627|51.32778|56.46873|60.3665
male|140.5|28.45015|29.4695|31.18151|34.5033|39.07364|44.94478|51.85339|57.03397|60.95519
male|141.5|28.69939|29.7336|31.4702|34.83811|39.46781|45.40679|52.38125|57.60024|61.5439
male|142.5|28.95283|30.00195|31.76319|35.17724|39.86604|45.87218|52.91119|58.16739|62.13246
male|143.5|29.21053|30.2746|32.06052|35.52066|40.26828|46.3408|53.44304|58.73522|62.72072
male|144.5|29.47257|30.55162|32.36224|35.86837|40.67444|46.81253|53.97661|59.30357|63.30853
male|145.5|29.739|30.83304|32.66834|36.22034|41.08443|47.28721|54.51174|59.87226|63.89573
male|146.5|30.00988|31.11891|32.97885|36.57653|41.49817|47.7647|55.04825|60.44112|64.48219
male|147.5|30.28525|31.40925|33.29378|36.9369|41.91555|48.24483|55.58594|61.00999|65.06776
male|148.5|30.56516|31.70409|33.6131|37.30138|42.33644|48.72744|56.12464|61.57871|65.65231
male|149.5|30.84962|32.00343|33.93681|37.66991|42.76073|49.21236|56.66416|62.1471|66.2357
male|150.5|31.13865|32.30727|34.26488|38.04241|43.18828|49.6994|57.20431|62.715|66.81782
male|151.5|31.43227|32.61561|34.59726|38.4188|43.61896|50.18839|57.74492|63.28226|67.39854
male|152.5|31.73046|32.92842|34.93391|38.79897|44.05259|50.67913|58.28578|63.84873|67.97776
male|153.5|32.03321|33.24567|35.27477|39.18281|44.48903|51.17143|58.82671|64.41424|68.55535
male|154.5|32.3405|33.56731|35.61976|39.5702|44.92809|51.66508|59.36752|64.97865|69.13122
male|155.5|32.65229|33.89329|35.96879|39.96099|45.3696|52.15987|59.90801|65.54182|69.70526
male|156.5|32.96852|34.22353|36.32176|40.35506|45.81336|52.65558|60.448|66.10359|70.27738
male|157.5|33.28913|34.55796|36.67857|40.75222|46.25917|53.152|60.98729|66.66382|70.84748
male|158.5|33.61404|34.89647|37.03908|41.15232|46.70681|53.64889|61.52569|67.22238|71.41549
male|159.5|33.94317|35.23896|37.40317|41.55516|47.15606|54.14603|62.063|67.77913|71.98133
male|160.5|34.27642|35.58531|37.77067|41.96056|47.60669|54.64318|62.59903|68.33393|72.5449
male|161.5|34.61365|35.93538|38.14143|42.3683|48.05847|55.1401|63.13359|68.88665|73.10614
male|162.5|34.95475|36.28902|38.51526|42.77818|48.51113|55.63653|63.66648|69.43717|73.66498
male|163.5|35.29956|36.64606|38.89198|43.18995|48.96443|56.13224|64.1975|69.98535|74.22134
male|164.5|35.64794|37.00634|39.27138|43.60337|49.4181|56.62696|64.72647|70.53106|74.77517
male|165.5|35.99969|37.36965|39.65325|44.01821|49.87187|57.12044|65.25318|71.07419|75.32641
male|166.5|36.35464|37.7358|40.03736|44.43419|50.32546|57.61241|65.77745|71.61461|75.87498
male|167.5|36.71259|38.10456|40.42347|44.85104|50.77859|58.10262|66.29907|72.15219|76.42083
male|168.5|37.07331|38.47571|40.81133|45.26849|51.23096|58.5908|66.81785|72.68681|76.9639
male|169.5|37.43658|38.849|41.20067|45.68625|51.68229|59.07667|67.33359|73.21836|77.50413
male|170.5|37.80215|39.22417|41.59121|46.10402|52.13226|59.55998|67.84611|73.7467|78.04146
male|171.5|38.16976|39.60097|41.98269|46.52151|52.58059|60.04046|68.3552|74.27172|78.57582
male|172.5|38.53916|39.97909|42.37479|46.9384|53.02696|60.51782|68.86067|74.7933|79.10716
male|173.5|38.91004|40.35826|42.76722|47.35437|53.47107|60.99182|69.36233|75.3113|79.63542
male|174.5|39.28212|40.73817|43.15967|47.76912|53.91261|61.46217|69.85999|75.82561|80.1605
male|175.5|39.65509|41.11851|43.55182|48.18232|54.35128|61.92862|70.35345|76.3361|80.68236
male|176.5|40.02863|41.49895|43.94334|48.59365|54.78677|62.3909|70.84252|76.84263|81.2009
male|177.5|40.40241|41.87917|44.3339|49.00279|55.21878|62.84876|71.32701|77.34509|81.71605
male|178.5|40.77608|42.25882|44.72317|49.40941|55.64701|63.30195|71.80674|77.84332|82.2277
male|179.5|41.14932|42.63757|45.1108|49.81318|56.07116|63.75019|72.2815|78.3372|82.73579
male|180.5|41.52175|43.01506|45.49646|50.21378|56.49096|64.19328|72.75113|78.82659|83.24017
male|181.5|41.89302|43.39093|45.8798|50.61091|56.90611|64.63096|73.21544|79.31134|83.74075
male|182.5|42.26275|43.76482|46.26048|51.00423|57.31634|65.063|73.67424|79.7913|84.23741
male|183.5|42.63058|44.13638|46.63815|51.39346|57.72139|65.48919|74.12736|80.26632|84.73
male|184.5|42.99612|44.50523|47.01247|51.77827|58.121|65.90932|74.57462|80.73625|85.21839
male|185.5|43.35899|44.87102|47.3831|52.15839|58.51492|66.32318|75.01586|81.20093|85.70242
male|186.5|43.71882|45.23338|47.74972|52.53352|58.90293|66.73059|75.4509|81.66019|86.18192
male|187.5|44.07523|45.59196|48.11199|52.90339|59.2848|67.13136|75.87959|82.11386|86.65673
male|188.5|44.42784|45.9464|48.46959|53.26773|59.66033|67.52534|76.30176|82.56177|87.12663
male|189.5|44.77629|46.29635|48.82222|53.6263|60.02932|67.91236|76.71726|83.00375|87.59143
male|190.5|45.1202|46.64147|49.16956|53.97886|60.39159|68.29229|77.12595|83.43962|88.05093
male|191.5|45.45922|46.98144|49.51134|54.32518|60.74699|68.665|77.52768|83.8692|88.50487
male|192.5|45.79301|47.31593|49.84727|54.66505|61.09537|69.03038|77.92233|84.29229|88.95303
male|193.5|46.12122|47.64464|50.17709|54.99828|61.4366|69.38833|78.30977|84.70871|89.39516
male|194.5|46.44354|47.96727|50.50055|55.3247|61.77057|69.73878|78.68987|85.11828|89.83098
male|195.5|46.75967|48.28356|50.81743|55.64414|62.09719|70.08164|79.06252|85.5208|90.26024
male|196.5|47.06932|48.59325|51.12752|55.95647|62.41639|70.41688|79.42763|85.91607|90.68264
male|197.5|47.37223|48.89609|51.43062|56.26158|62.72809|70.74445|79.78509|86.30392|91.0979
male|198.5|47.66815|49.19189|51.72656|56.55935|63.03228|71.06433|80.13483|86.68415|91.50571
male|199.5|47.95687|49.48044|52.0152|56.84971|63.32892|71.37652|80.47676|87.05657|91.90578
male|200.5|48.23819|49.76158|52.29642|57.13261|63.61802|71.68103|80.81082|87.42099|92.29779
male|201.5|48.51195|50.03518|52.57011|57.408|63.89959|71.97788|81.13696|87.77725|92.68144
male|202.5|48.778|50.30112|52.8362|57.67589|64.17367|72.26711|81.45512|88.12516|93.05643
male|203.5|49.03625|50.55931|53.09465|57.93627|64.44032|72.54879|81.76528|88.46456|93.42244
male|204.5|49.28662|50.80971|53.34544|58.18918|64.69961|72.82297|82.06741|88.79528|93.77917
male|205.5|49.52905|51.05229|53.58858|58.43468|64.95165|73.08975|82.3615|89.11718|94.12633
male|206.5|49.76354|51.28706|53.82409|58.67285|65.19653|73.34922|82.64755|89.43011|94.46364
male|207.5|49.9901|51.51404|54.05205|58.9038|65.4344|73.60152|82.92558|89.73396|94.79081
male|208.5|50.2088|51.73333|54.27255|59.12764|65.6654|73.84675|83.1956|90.02861|95.10761
male|209.5|50.4197|51.94499|54.4857|59.34454|65.8897|74.08507|83.45768|90.31396|95.41379
male|210.5|50.62293|52.14918|54.69165|59.55466|66.10749|74.31664|83.71185|90.58994|95.70913
male|211.5|50.81862|52.34603|54.89058|59.75819|66.31897|74.54164|83.9582|90.85649|95.99346
male|212.5|51.00695|52.53572|55.08267|59.95536|66.52437|74.76024|84.19682|91.11358|96.26661
male|213.5|51.18811|52.71847|55.26814|60.14639|66.7239|74.97267|84.42781|91.3612|96.52847
male|214.5|51.36232|52.8945|55.44723|60.33153|66.91784|75.17912|84.6513|91.59938|96.77894
male|215.5|51.52982|53.06406|55.6202|60.51105|67.10642|75.37983|84.86744|91.82817|97.01799
male|216.5|51.69086|53.2274|55.78731|60.68521|67.28993|75.57503|85.0764|92.04765|97.24564
male|217.5|51.84574|53.38481|55.94884|60.85431|67.46863|75.76499|85.27837|92.25795|97.46194
male|218.5|51.99472|53.53657|56.10508|61.01862|67.64281|75.94994|85.47356|92.45925|97.66704
male|219.5|52.13808|53.68296|56.25633|61.17846|67.81277|76.13018|85.66221|92.65175|97.86111
male|220.5|52.27612|53.82428|56.40286|61.33409|67.97877|76.30597|85.8446|92.83572|98.04443
male|221.5|52.40911|53.96079|56.54495|61.4858|68.14111|76.47759|86.02101|93.01148|98.21733
male|222.5|52.53731|54.09278|56.68288|61.63386|68.30005|76.64533|86.19177|93.17941|98.38026
male|223.5|52.66098|54.22046|56.81689|61.77851|68.45585|76.80948|86.35725|93.33994|98.53375
male|224.5|52.78032|54.34408|56.94719|61.91997|68.60872|76.97031|86.51781|93.49361|98.67844
male|225.5|52.89553|54.46381|57.07396|62.05842|68.75889|77.12809|86.6739|93.64099|98.81509
male|226.5|53.00674|54.57977|57.19732|62.19399|68.90653|77.2831|86.82597|93.78276|98.94455
male|227.5|53.11402|54.69205|57.31737|62.32678|69.05176|77.4356|86.97452|93.91968|99.06786
male|228.5|53.21739|54.80066|57.43409|62.4568|69.19467|77.5858|87.12008|94.05261|99.18615
male|229.5|53.31679|54.90552|57.54742|62.58399|69.33527|77.73392|87.26324|94.18252|99.30075
male|230.5|53.41207|55.00648|57.6572|62.70822|69.47351|77.88014|87.40462|94.31046|99.41315
male|231.5|53.50297|55.10328|57.76315|62.82922|69.60926|78.02461|87.54488|94.43765|99.52501
male|232.5|53.58913|55.19552|57.86488|62.94664|69.74228|78.16742|87.68474|94.5654|99.63819
male|233.5|53.67003|55.2827|57.96187|63.06|69.87224|78.30863|87.82495|94.69517|99.75477
male|234.5|53.74501|55.36413|58.05343|63.16863|69.99869|78.44824|87.96634|94.82857|99.87706
male|235.5|53.81325|55.43897|58.13869|63.27175|70.12104|78.58618|88.10976|94.96735|100.0076
male|236.5|53.87373|55.50617|58.21662|63.36835|70.23857|78.72234|88.25614|95.11344|100.1492
male|237.5|53.92519|55.56447|58.28594|63.45727|70.3504|78.8565|88.40645|95.26894|100.3048
male|238.5|53.96614|55.61236|58.34515|63.53709|70.45546|78.98839|88.56175|95.43613|100.4779
male|239.5|53.99482|55.64807|58.39247|63.60618|70.55252|79.11762|88.72311|95.61749|100.6721
male|240|54.00392|55.66071|58.41105|63.63611|70.59761|79.18111|88.80644|95.71431|100.7784
female|24|9.985668|10.21027|10.57373|11.23357|12.05504|12.98667|13.93766|14.56636|15.00156
female|24.5|10.04881|10.27483|10.64076|11.30567|12.13456|13.07613|14.03902|14.67659|15.11839
female|25.5|10.17173|10.40066|10.77167|11.44697|12.29102|13.25293|14.24017|14.89587|15.35122
female|26.5|10.29079|10.52274|10.89899|11.58501|12.44469|13.42753|14.43984|15.11428|15.58363
female|27.5|10.40664|10.64171|11.02338|11.72047|12.59622|13.60059|14.63873|15.33249|15.81632
female|28.5|10.5199|10.75819|11.14545|11.85392|12.74621|13.77271|14.83743|15.55113|16.0499
female|29.5|10.63112|10.87273|11.26575|11.98592|12.89517|13.9444|15.03646|15.7707|16.28491
female|30.5|10.74078|10.98581|11.38474|12.11692|13.04357|14.11611|15.23626|15.99164|16.52176
female|31.5|10.84935|11.09789|11.50288|12.24735|13.19181|14.28823|15.43719|16.21432|16.76085
female|32.5|10.95722|11.20934|11.62054|12.37757|13.34023|14.46106|15.63957|16.43904|17.00245
female|33.5|11.06475|11.32054|11.73806|12.50791|13.48913|14.63491|15.84365|16.66605|17.24681
female|34.5|11.17225|11.43177|11.85574|12.63865|13.63877|14.80998|16.04963|16.89553|17.49412
female|35.5|11.28|11.54332|11.97384|12.77001|13.78937|14.98647|16.25767|17.12762|17.7445
female|36.5|11.38824|11.65542|12.09259|12.90222|13.94108|15.16452|16.46789|17.36244|17.99807
female|37.5|11.49718|11.76826|12.21216|13.03542|14.09407|15.34425|16.68038|17.60006|18.25487
female|38.5|11.607|11.88202|12.33273|13.16977|14.24844|15.52574|16.89519|17.8405|18.51494
female|39.5|11.71783|11.99685|12.45442|13.30538|14.40429|15.70905|17.11235|18.08377|18.77826
female|40.5|11.82981|12.11284|12.57735|13.44234|14.56168|15.89422|17.33186|18.32988|19.04483
female|41.5|11.94304|12.23011|12.70158|13.58071|14.72064|16.08126|17.55371|18.57877|19.31458
female|42.5|12.05757|12.34871|12.8272|13.72054|14.88121|16.27016|17.77788|18.83042|19.58748
female|43.5|12.17348|12.4687|12.95423|13.86186|15.04341|16.46093|18.00432|19.08475|19.86343
female|44.5|12.2908|12.59011|13.08271|14.00469|15.20721|16.65353|18.23298|19.34169|20.14237
female|45.5|12.40954|12.71297|13.21265|14.14902|15.37263|16.84793|18.46379|19.60118|20.4242
female|46.5|12.52972|12.83726|13.34405|14.29485|15.53962|17.04408|18.69671|19.86313|20.70884
female|47.5|12.65132|12.96298|13.47689|14.44217|15.70817|17.24195|18.93166|20.12746|20.99619
female|48.5|12.77432|13.09012|13.61116|14.59093|15.87824|17.44149|19.16858|20.39409|21.28616
female|49.5|12.89869|13.21864|13.74682|14.74112|16.04978|17.64265|19.40739|20.66293|21.57866
female|50.5|13.02441|13.3485|13.88384|14.89269|16.22277|17.84537|19.64805|20.93393|21.8736
female|51.5|13.15141|13.47966|14.02217|15.0456|16.39715|18.04961|19.89048|21.20699|22.1709
female|52.5|13.27965|13.61206|14.16176|15.19981|16.57289|18.25533|20.13464|21.48207|22.4705
female|53.5|13.40907|13.74566|14.30257|15.35527|16.74994|18.46249|20.38048|21.7591|22.77232
female|54.5|13.53962|13.8804|14.44453|15.51193|16.92827|18.67105|20.62795|22.03803|23.07631
female|55.5|13.67121|14.01621|14.5876|15.66975|17.10783|18.88097|20.87704|22.31884|23.38243
female|56.5|13.80381|14.15303|14.73172|15.82868|17.28859|19.09224|21.1277|22.60148|23.69063
female|57.5|13.93732|14.29081|14.87683|15.98868|17.47052|19.30483|21.37993|22.88594|24.0009
female|58.5|14.0717|14.42947|15.02287|16.14971|17.65361|19.51874|21.63373|23.17222|24.31322
female|59.5|14.20687|14.56897|15.16981|16.31173|17.83782|19.73395|21.88909|23.46031|24.62758
female|60.5|14.34277|14.70924|15.31758|16.47471|18.02314|19.95048|22.14604|23.75024|24.94401
female|61.5|14.47934|14.85022|15.46614|16.63861|18.20956|20.16834|22.4046|24.04202|25.26252
female|62.5|14.61652|14.99186|15.61545|16.80342|18.39709|20.38753|22.6648|24.3357|25.58315
female|63.5|14.75426|15.13412|15.76547|16.9691|18.58571|20.6081|22.92668|24.63133|25.90595
female|64.5|14.8925|15.27694|15.91616|17.13565|18.77545|20.83007|23.19031|24.92897|26.23096
female|65.5|15.03119|15.42029|16.06749|17.30305|18.96631|21.05349|23.45574|25.22868|26.55827
female|66.5|15.1703|15.56413|16.21943|17.4713|19.15831|21.2784|23.72305|25.53055|26.88796
female|67.5|15.30978|15.70843|16.37197|17.6404|19.35149|21.50486|23.99232|25.83467|27.2201
female|68.5|15.44961|15.85316|16.52509|17.81035|19.54588|21.73294|24.26364|26.14113|27.55481
female|69.5|15.58975|15.99831|16.67878|17.98118|19.74151|21.96271|24.5371|26.45005|27.8922
female|70.5|15.73018|16.14385|16.83304|18.15288|19.93843|22.19425|24.81282|26.76154|28.23237
female|71.5|15.87089|16.28977|16.98787|18.32549|20.1367|22.42763|25.09089|27.07573|28.57547
female|72.5|16.01186|16.43608|17.14327|18.49904|20.33636|22.66294|25.37145|27.39274|28.92162
female|73.5|16.1531|16.58277|17.29926|18.67356|20.53748|22.90029|25.65461|27.71272|29.27096
female|74.5|16.2946|16.72986|17.45586|18.84908|20.74013|23.13976|25.94051|28.0358|29.62364
female|75.5|16.43638|16.87736|17.61309|19.02566|20.94438|23.38146|26.22926|28.36213|29.97981
female|76.5|16.57843|17.02528|17.77097|19.20334|21.1503|23.6255|26.52102|28.69185|30.33962
female|77.5|16.7208|17.17365|17.92956|19.38217|21.35797|23.87199|26.81591|29.02513|30.70323
female|78.5|16.86349|17.3225|18.08887|19.56221|21.56748|24.12103|27.11407|29.36212|31.0708
female|79.5|17.00654|17.47187|18.24897|19.74353|21.77891|24.37274|27.41566|29.70296|31.44249
female|80.5|17.14998|17.6218|18.40989|19.9262|21.99235|24.62725|27.7208|30.04782|31.81846
female|81.5|17.29386|17.77232|18.5717|20.11027|22.20789|24.88466|28.02965|30.39685|32.19887
female|82.5|17.43821|17.9235|18.73445|20.29582|22.42562|25.14509|28.34233|30.75021|32.58389
female|83.5|17.5831|18.07539|18.89819|20.48293|22.64564|25.40866|28.659|31.10804|32.97366
female|84.5|17.72858|18.22805|19.063|20.67168|22.86804|25.67549|28.97979|31.47049|33.36833
female|85.5|17.8747|18.38153|19.22895|20.86215|23.09293|25.94569|29.30484|31.83771|33.76807
female|86.5|18.02152|18.53591|19.3961|21.05441|23.32039|26.21937|29.63426|32.20984|34.17302
female|87.5|18.16912|18.69124|19.56453|21.24855|23.55052|26.49666|29.9682|32.58701|34.5833
female|88.5|18.31757|18.84762|19.73432|21.44467|23.78342|26.77764|30.30677|32.96935|34.99906
female|89.5|18.46693|19.00511|19.90554|21.64283|24.01918|27.06244|30.65008|33.35698|35.42042
female|90.5|18.61729|19.16378|20.07828|21.84313|24.25789|27.35114|30.99825|33.75001|35.8475
female|91.5|18.76871|19.32373|20.25261|22.04564|24.49965|27.64385|31.35137|34.14856|36.2804
female|92.5|18.92129|19.48502|20.42863|22.25047|24.74454|27.94066|31.70954|34.55271|36.71922
female|93.5|19.07511|19.64775|20.6064|22.45768|24.99264|28.24165|32.07286|34.96256|37.16406
female|94.5|19.23024|19.81199|20.78601|22.66736|25.24403|28.54689|32.44138|35.37818|37.61498
female|95.5|19.38678|19.97783|20.96755|22.8796|25.4988|28.85648|32.8152|35.79964|38.07207
female|96.5|19.54481|20.14535|21.15111|23.09446|25.75702|29.17046|33.19435|36.22699|38.53537
female|97.5|19.70442|20.31464|21.33675|23.31203|26.01874|29.4889|33.5789|36.66029|39.00492
female|98.5|19.86568|20.48579|21.52456|23.53237|26.28404|29.81185|33.96887|37.09956|39.48077
female|99.5|20.0287|20.65887|21.71462|23.75556|26.55298|30.13934|34.36431|37.54482|39.96292
female|100.5|20.19355|20.83397|21.907|23.98166|26.82559|30.47142|34.76522|37.99609|40.45138
female|101.5|20.36032|21.01117|22.10179|24.21073|27.10193|30.80811|35.17161|38.45335|40.94614
female|102.5|20.5291|21.19055|22.29905|24.44283|27.38203|31.14942|35.58347|38.91658|41.44718
female|103.5|20.69997|21.37219|22.49884|24.67802|27.66593|31.49536|36.00078|39.38577|41.95447
female|104.5|20.873|21.55616|22.70125|24.91634|27.95365|31.84592|36.42352|39.86086|42.46794
female|105.5|21.04828|21.74253|22.90633|25.15783|28.24521|32.20108|36.85164|40.34179|42.98755
female|106.5|21.22589|21.93138|23.11413|25.40252|28.5406|32.56084|37.28507|40.82849|43.5132
female|107.5|21.40589|22.12277|23.32471|25.65046|28.83984|32.92513|37.72376|41.32088|44.0448
female|108.5|21.58837|22.31677|23.53813|25.90167|29.14291|33.29393|38.16762|41.81885|44.58226
female|109.5|21.77338|22.51343|23.75442|26.15616|29.4498|33.66717|38.61656|42.32229|45.12543
female|110.5|21.96099|22.71282|23.97364|26.41394|29.76048|34.04479|39.07046|42.83107|45.67419
female|111.5|22.15126|22.91497|24.19581|26.67503|30.07493|34.4267|39.52921|43.34505|46.22839
female|112.5|22.34426|23.11994|24.42096|26.93942|30.39308|34.81282|39.99268|43.86408|46.78786
female|113.5|22.54002|23.32778|24.64912|27.20709|30.7149|35.20305|40.46071|44.38798|47.35242
female|114.5|22.73861|23.53851|24.88031|27.47805|31.04032|35.59726|40.93316|44.91658|47.92187
female|115.5|22.94006|23.75217|25.11454|27.75225|31.36928|35.99535|41.40984|45.44968|48.49603
female|116.5|23.14441|23.96879|25.35181|28.02968|31.70168|36.39717|41.89057|45.98708|49.07465
female|117.5|23.3517|24.18838|25.59214|28.31029|32.03745|36.80259|42.37517|46.52854|49.65753
female|118.5|23.56195|24.41097|25.83551|28.59403|32.37649|37.21144|42.86342|47.07385|50.2444
female|119.5|23.77519|24.63656|26.08191|28.88087|32.71868|37.62356|43.35511|47.62276|50.83502
female|120.5|23.99143|24.86516|26.33132|29.17072|33.06392|38.03878|43.85001|48.17501|51.42913
female|121.5|24.21068|25.09677|26.58372|29.46353|33.41208|38.45691|44.34788|48.73033|52.02644
female|122.5|24.43296|25.33137|26.83907|29.75922|33.76303|38.87775|44.84847|49.28846|52.62666
female|123.5|24.65826|25.56895|27.09734|30.0577|34.11663|39.30111|45.35152|49.84911|53.22951
female|124.5|24.88657|25.80949|27.35848|30.35888|34.47272|39.72676|45.85676|50.41198|53.83467
female|125.5|25.11788|26.05297|27.62244|30.66267|34.83116|40.15449|46.36392|50.97677|54.44183
female|126.5|25.35217|26.29934|27.88915|30.96895|35.19176|40.58407|46.87271|51.54317|55.05067
female|127.5|25.58941|26.54856|28.15856|31.27762|35.55437|41.01526|47.38283|52.11086|55.66086
female|128.5|25.82958|26.8006|28.43059|31.58856|35.9188|41.44782|47.894|52.67951|56.27207
female|129.5|26.07263|27.05539|28.70516|31.90163|36.28486|41.88148|48.40589|53.2488|56.88395
female|130.5|26.31852|27.31287|28.98218|32.21671|36.65236|42.316|48.9182|53.81837|57.49615
female|131.5|26.56719|27.57298|29.26156|32.53364|37.02111|42.75111|49.43061|54.3879|58.10833
female|132.5|26.81859|27.83564|29.54321|32.8523|37.39089|43.18655|49.9428|54.95703|58.72013
female|133.5|27.07265|28.10077|29.827|33.17252|37.76149|43.62203|50.45443|55.52542|59.33118
female|134.5|27.3293|28.36829|30.11285|33.49415|38.1327|44.05728|50.96519|56.09271|59.94114
female|135.5|27.58846|28.63809|30.40062|33.81701|38.5043|44.49201|51.47473|56.65855|60.54964
female|136.5|27.85004|28.91009|30.69019|34.14096|38.87605|44.92595|51.98272|57.22257|61.15631
female|137.5|28.11395|29.18417|30.98143|34.4658|39.24775|45.3588|52.48882|57.78443|61.7608
female|138.5|28.38009|29.46022|31.27421|34.79137|39.61914|45.79028|52.9927|58.34376|62.36274
female|139.5|28.64837|29.73813|31.56838|35.11747|39.99|46.22009|53.49402|58.90022|62.96178
female|140.5|28.91866|30.01776|31.86381|35.44394|40.36009|46.64794|53.99244|59.45344|63.55756
female|141.5|29.19086|30.299|32.16034|35.77056|40.72918|47.07354|54.48762|60.00308|64.14972
female|142.5|29.46484|30.5817|32.45781|36.09716|41.09701|47.49661|54.97925|60.54878|64.73791
female|143.5|29.74046|30.86573|32.75608|36.42354|41.46336|47.91684|55.46697|61.0902|65.32179
female|144.5|30.0176|31.15094|33.05496|36.7495|41.82798|48.33396|55.95048|61.62701|65.90103
female|145.5|30.29612|31.43718|33.3543|37.07485|42.19063|48.74767|56.42944|62.15887|66.47528
female|146.5|30.57588|31.7243|33.65394|37.39937|42.55108|49.15771|56.90354|62.68544|67.04422
female|147.5|30.85671|32.01214|33.95368|37.72288|42.90909|49.56378|57.37247|63.20642|67.60754
female|148.5|31.13848|32.30053|34.25336|38.04517|43.26442|49.96562|57.83593|63.72148|68.16491
female|149.5|31.42101|32.58932|34.55281|38.36604|43.61683|50.36297|58.29361|64.23032|68.71605
female|150.5|31.70415|32.87832|34.85183|38.68529|43.96612|50.75555|58.74524|64.73264|69.26067
female|151.5|31.98774|33.16738|35.15025|39.00272|44.31204|51.14313|59.19053|65.22816|69.79847
female|152.5|32.27159|33.4563|35.44789|39.31812|44.65437|51.52544|59.62921|65.71661|70.32919
female|153.5|32.55554|33.74492|35.74455|39.63131|44.99291|51.90225|60.06103|66.19771|70.85258
female|154.5|32.8394|34.03306|36.04006|39.94209|45.32745|52.27334|60.48572|66.67121|71.36839
female|155.5|33.12301|34.32053|36.33424|40.25026|45.65777|52.63847|60.90306|67.13688|71.87638
female|156.5|33.40617|34.60715|36.62688|40.55564|45.98369|52.99745|61.31281|67.59448|72.37633
female|157.5|33.6887|34.89274|36.91782|40.85805|46.30501|53.35007|61.71477|68.04379|72.86804
female|158.5|33.97042|35.17711|37.20687|41.15729|46.62155|53.69614|62.10874|68.48463|73.35131
female|159.5|34.25114|35.46007|37.49385|41.45321|46.93314|54.03549|62.49452|68.91679|73.82597
female|160.5|34.53066|35.74145|37.77858|41.74562|47.23962|54.36794|62.87195|69.34011|74.29185
female|161.5|34.80881|36.02105|38.06087|42.03435|47.54083|54.69335|63.24088|69.75442|74.7488
female|162.5|35.08539|36.2987|38.34057|42.31926|47.83661|55.01159|63.60115|70.1596|75.19669
female|163.5|35.36022|36.57421|38.61748|42.60018|48.12685|55.32252|63.95264|70.5555|75.6354
female|164.5|35.63309|36.84739|38.89145|42.87697|48.41141|55.62603|64.29525|70.94203|76.06483
female|165.5|35.90384|37.11808|39.16232|43.14949|48.69018|55.92203|64.62889|71.31908|76.48488
female|166.5|36.17227|37.3861|39.42991|43.4176|48.96305|56.21044|64.95347|71.68659|76.89549
female|167.5|36.4382|37.65127|39.69408|43.68119|49.22993|56.49119|65.26895|72.04449|77.2966
female|168.5|36.70144|37.91342|39.95467|43.94012|49.49075|56.76423|65.57527|72.39275|77.68817
female|169.5|36.96182|38.17238|40.21154|44.1943|49.74544|57.02954|65.87243|72.73133|78.07017
female|170.5|37.21916|38.428|40.46454|44.44363|49.99394|57.28708|66.16042|73.06023|78.44259
female|171.5|37.4733|38.68012|40.71356|44.688|50.23621|57.53687|66.43925|73.37946|78.80544
female|172.5|37.72405|38.92858|40.95845|44.92735|50.47222|57.77893|66.70897|73.68906|79.15873
female|173.5|37.97127|39.17324|41.19909|45.1616|50.70196|58.01327|66.96961|73.98906|79.50251
female|174.5|38.21478|39.41396|41.43538|45.39069|50.92541|58.23994|67.22127|74.27953|79.83682
female|175.5|38.45445|39.6506|41.66721|45.61455|51.14259|58.45903|67.46402|74.56056|80.16173
female|176.5|38.69012|39.88303|41.89448|45.83316|51.35353|58.67061|67.69798|74.83223|80.4773
female|177.5|38.92165|40.11114|42.1171|46.04647|51.55825|58.87477|67.92327|75.09468|80.78364
female|178.5|39.14891|40.3348|42.33498|46.25446|51.75681|59.07164|68.14006|75.34802|81.08083
female|179.5|39.37177|40.55392|42.54806|46.45712|51.94926|59.26135|68.3485|75.59243|81.36901
female|180.5|39.59012|40.76839|42.75627|46.65445|52.13568|59.44404|68.54877|75.82805|81.6483
female|181.5|39.80385|40.97812|42.95955|46.84646|52.31616|59.61988|68.74109|76.05507|81.91883
female|182.5|40.01284|41.18304|43.15786|47.03316|52.4908|59.78905|68.92566|76.2737|82.18076
female|183.5|40.21702|41.38308|43.35116|47.21458|52.6597|59.95173|69.10273|76.48415|82.43425
female|184.5|40.4163|41.57816|43.53942|47.39077|52.82299|60.10814|69.27255|76.68664|82.67946
female|185.5|40.6106|41.76824|43.72263|47.56176|52.98079|60.2585|69.43538|76.88142|82.91657
female|186.5|40.79986|41.95328|43.90078|47.72763|53.13327|60.40303|69.59151|77.06875|83.14578
female|187.5|40.98403|42.13324|44.07388|47.88844|53.28056|60.54199|69.74124|77.2489|83.36727
female|188.5|41.16306|42.3081|44.24193|48.04426|53.42284|60.67562|69.88487|77.42214|83.58126
female|189.5|41.33692|42.47785|44.40496|48.1952|53.56028|60.8042|70.02272|77.58878|83.78795
female|190.5|41.50559|42.64249|44.563|48.34134|53.69307|60.928|70.15513|77.74911|83.98755
female|191.5|41.66907|42.80203|44.71609|48.48279|53.82138|61.04731|70.28244|77.90345|84.18029
female|192.5|41.82734|42.95649|44.8643|48.61968|53.94544|61.16241|70.40499|78.05211|84.36639
female|193.5|41.98043|43.1059|45.00768|48.75212|54.06543|61.2736|70.52314|78.19542|84.54608
female|194.5|42.12835|43.25031|45.14631|48.88026|54.18158|61.3812|70.63725|78.33372|84.7196
female|195.5|42.27115|43.38976|45.28027|49.00422|54.29411|61.48549|70.7477|78.46734|84.88718
female|196.5|42.40886|43.52432|45.40964|49.12417|54.40324|61.58681|70.85484|78.59661|85.04905
female|197.5|42.54155|43.65406|45.53455|49.24026|54.50921|61.68546|70.95905|78.72189|85.20546
female|198.5|42.66928|43.77907|45.65509|49.35265|54.61224|61.78176|71.06071|78.84351|85.35663
female|199.5|42.79212|43.89944|45.77138|49.46152|54.71257|61.87602|71.16017|78.96181|85.50282
female|200.5|42.91017|44.01527|45.88355|49.56702|54.81044|61.96856|71.2578|79.07713|85.64425
female|201.5|43.02352|44.12666|45.99174|49.66936|54.9061|62.05968|71.35395|79.18979|85.78117
female|202.5|43.13227|44.23375|46.09608|49.7687|54.99978|62.1497|71.44899|79.30012|85.91379
female|203.5|43.23654|44.33665|46.19672|49.86524|55.09172|62.23891|71.54326|79.40845|86.04235
female|204.5|43.33646|44.4355|46.29382|49.95916|55.18217|62.32761|71.63707|79.51506|86.16706
female|205.5|43.43215|44.53044|46.38753|50.05066|55.27135|62.41609|71.73076|79.62027|86.28815
female|206.5|43.52374|44.62161|46.47801|50.13993|55.35951|62.50462|71.82463|79.72434|86.40583
female|207.5|43.61137|44.70917|46.56543|50.22716|55.44686|62.59347|71.91896|79.82755|86.52029
female|208.5|43.69521|44.79326|46.64995|50.31253|55.53362|62.68289|72.01403|79.93015|86.63173
female|209.5|43.77538|44.87405|46.73174|50.39624|55.62001|62.77311|72.11008|80.03235|86.74034
female|210.5|43.85205|44.95168|46.81097|50.47847|55.70624|62.86437|72.20733|80.13439|86.84629
female|211.5|43.92537|45.02633|46.8878|50.5594|55.79248|62.95684|72.306|80.23643|86.94976
female|212.5|43.9955|45.09815|46.9624|50.63919|55.87892|63.05073|72.40626|80.33866|87.05088
female|213.5|44.06258|45.16729|47.03493|50.71802|55.96573|63.1462|72.50825|80.4412|87.14981
female|214.5|44.12679|45.23391|47.10554|50.79603|56.05305|63.24336|72.61209|80.54417|87.24667
female|215.5|44.18826|45.29817|47.17437|50.87336|56.141|63.34234|72.71787|80.64766|87.34157
female|216.5|44.24715|45.3602|47.24158|50.95014|56.2297|63.4432|72.82563|80.75172|87.43462
female|217.5|44.3036|45.42015|47.30728|51.02649|56.31922|63.546|72.9354|80.85638|87.5259
female|218.5|44.35775|45.47815|47.3716|51.10249|56.40963|63.65074|73.04714|80.96163|87.61548
female|219.5|44.40973|45.53431|47.43464|51.17823|56.50096|63.7574|73.1608|81.06744|87.70342
female|220.5|44.45965|45.58875|47.4965|51.25375|56.5932|63.86593|73.27626|81.17373|87.78975
female|221.5|44.50764|45.64157|47.55724|51.32908|56.68633|63.9762|73.39338|81.28039|87.87449
female|222.5|44.55377|45.69284|47.61693|51.40422|56.78026|64.08808|73.51197|81.3873|87.95764
female|223.5|44.59815|45.74262|47.67559|51.47916|56.8749|64.20136|73.63178|81.49427|88.03918
female|224.5|44.64082|45.79097|47.73323|51.55381|56.9701|64.3158|73.75253|81.60109|88.11907
female|225.5|44.68185|45.8379|47.78983|51.6281|57.06565|64.4311|73.87389|81.70752|88.19726
female|226.5|44.72126|45.88343|47.84535|51.70189|57.16132|64.54692|73.99546|81.81326|88.27366
female|227.5|44.75906|45.92751|47.89972|51.77499|57.2568|64.66283|74.1168|81.91801|88.34817
female|228.5|44.79521|45.97009|47.9528|51.8472|57.35176|64.77838|74.23744|82.02139|88.42066
female|229.5|44.82969|46.0111|48.00447|51.91825|57.44578|64.89303|74.35682|82.12303|88.491
female|230.5|44.8624|46.0504|48.05453|51.98781|57.5384|65.00619|74.47435|82.22248|88.55903
female|231.5|44.89324|46.08784|48.10274|52.05553|57.6291|65.1172|74.58939|82.31928|88.62455
female|232.5|44.92205|46.12322|48.14882|52.12097|57.71728|65.22534|74.70121|82.41292|88.68734
female|233.5|44.94866|46.1563|48.19244|52.18364|57.80227|65.32981|74.80907|82.50285|88.74718
female|234.5|44.97281|46.18678|48.23321|52.243|57.88334|65.42974|74.91215|82.58851|88.80382
female|235.5|44.99424|46.21432|48.27069|52.29842|57.95967|65.52419|75.00958|82.66927|88.85697
female|236.5|45.0126|46.23851|48.30438|52.34921|58.0304|65.61215|75.10041|82.74448|88.90635
female|237.5|45.02752|46.25891|48.3337|52.3946|58.09453|65.69252|75.18367|82.81345|88.95164
female|238.5|45.03852|46.27498|48.358|52.43376|58.15104|65.76413|75.25831|82.87546|88.99253
female|239.5|45.0451|46.28612|48.37657|52.46576|58.19877|65.82574|75.32321|82.92975|89.02867
female|240|45.04655|46.28963|48.38346|52.47876|58.21897|65.85238|75.35165|82.95375|89.04485
